5699
60632
23782
21865
14511
6037
53566
35219
12300
44636
15235
19820
61530
60175
9858
49558
14158
7207
48889
23323
2049
5192
13951
42065
43337
43347
66
51630
63830
3357
47058
58059
2901
38617
1078
12048
18349
56254
3574
11575
15103
23455
37988
27291
963
13158
30958
42487
55403
10199
52661
52903
30857
24344
25119
4105
57557
31512
11354
26293
15508
45797
15456
50378
38016
32998
33740
554
64773
32916
18643
22301
12418
60321
41201
59874
22534
38081
38154
44140
55847
20998
19374
60704
1595
4540
45696
15895
22258
42931
64612
49308
25526
5567
64121
10304
53604
17765
57660
32942
8786
64086
44235
42245
63501
6628
48681
34264
37006
8948
56096
38300
14751
2244
51726
41266
26933
16671
56753
50402
48642
12411
60019
17538
37253
44220
403
41300
409
52591
38570
4079
33945
61250
15377
18040
42297
46080
14948
48551
27703
59644
61868
53302
6791
59309
9975
27113
4196
1944
19124
7338
20933
43478
505
50238
55370
56735
8873
21347
29487
30399
9945
52448
4185
2730
23232
49956
64379
52181
41122
24467
35501
52315
15168
59793
18472
15960
14349
62320
30755
49274
39590
49769
48532
24042
37269
42335
2473
22714
46243
52778
13860
6821
32304
55636
686
16647
63106
39496
22241
60091
28883
31864
59075
33123
35191
63315
47957
47051
33278
14546
54740
29861
3819
29621
42908
45136
35292
47407
31610
50612
54724
9181
5345
30200
41157
29250
44899
34056
52030
15114
31174
50618
50466
17484
34253
4234
36054
31245
42347
41708
32011
44737
39029
63517
19542
931
24856
17095
2337
15794
16803
16741
43536
47187
20915
29195
9577
20228
23573
28069
17600
54757
49040
62132
25661
19364
56314
27836
33210
14560
32838
23540
59032
63314
15939
14485
64343
18599
15241
23268
37954
34734
23796
11427
5817
18720
43332
52889
64947
51613
45125
19764
32099
34560
13419
7835
49316
47669
26032
39597
39491
38430
41788
22239
40878
40644
65356
15622
50463
41847
754
2243
31855
54695
24319
52245
31366
44735
6679
44220
2820
20471
14964
14710
55739
22937
4608
17573
25835
57939
62948
59691
42300
56559
56603
19168
39052
24895
52493
22081
11727
40687
7441
36541
61941
52195
754
14597
58175
54954
61696
31452
151
40489
35393
33964
49472
42081
8497
26234
19723
49528
14708
47729
29190
2030
37659
65235
18732
31127
9995
124
52127
10480
52634
35351
17419
6511
15219
9009
16409
30344
39582
49573
4746
16821
24447
10154
62453
16096
32978
17768
44201
59842
61315
24182
29057
32976
58595
13996
14032
30990
17516
62954
23306
58433
8047
23734
52632
50715
13686
58272
4380
63555
47575
20978
61925
58829
28239
40167
64792
4057
20834
40085
41569
21623
22224
32323
5111
22785
21878
16878
1675
10262
4757
62027
12281
4983
62174
22477
3837
43394
53276
24689
5005
7986
850
21447
38312
59539
14396
44173
17093
29865
50634
23601
22542
40326
20498
38978
25606
31564
31034
43800
40137
61459
35006
42876
33767
40146
45268
10132
29922
35592
2443
16813
27485
58939
24046
46653
20688
47453
31317
43410
12963
425
6414
26024
4119
10248
46418
3474
24202
22134
10472
34843
51677
19995
53392
25355
8467
42781
8992
65527
19456
27359
57540
63259
51598
5870
51261
32888
46439
32756
45123
40897
2962
7060
59666
18642
40886
43974
26181
16470
34693
32998
47498
60362
906
52926
50112
58568
60068
20375
61862
2633
25061
29701
11397
3859
3999
6574
33536
33686
50314
36059
11371
62163
50252
59875
30282
33320
54853
43960
35236
17163
15374
54596
47480
63562
43912
4799
16035
58969
49622
63697
17563
37878
53960
5962
59164
24137
61428
32467
162
60834
60274
4747
17662
61055
36632
8755
18555
47606
20869
21893
33673
39127
16693
34844
45642
4746
25367
23774
51153
54217
18468
45708
3007
32308
33865
53072
28483
30890
2885
49348
6572
15753
19842
42937
5659
51082
31344
11433
47216
33930
16106
18954
8392
34524
4079
46719
28636
46766
60287
10390
3254
13597
65136
15013
27290
28342
52546
3470
15869
64291
2819
48932
1605
6149
56144
4759
22757
36316
44712
8525
57016
9064
35302
52952
30534
30347
24068
60838
19518
28038
5026
18913
45874
18658
16686
5868
51632
16735
51853
53328
37228
9851
14531
29421
40106
32150
46763
56598
53151
36750
51359
7795
26463
51069
63278
59576
64345
59637
25586
11156
182
25343
12930
5623
49
20421
41359
18446
3264
15088
57551
25020
36012
19233
4777
23441
21671
57714
25514
12839
50885
44289
53603
30744
51877
54350
44299
57131
18972
31514
24542
55478
31671
7569
44749
5396
54084
2334
7082
5492
28157
31936
60230
49105
19632
34302
23763
9506
36881
41331
18099
33792
11044
7661
21215
16456
27324
42029
43166
43249
10444
31554
54648
14985
15320
54967
4965
48437
30526
57481
43431
29220
32326
14697
38794
11627
29206
20043
12224
1903
43075
24336
61319
31576
46330
10099
2432
43134
5760
19817
41006
49539
14627
36682
2794
57145
45011
62559
12522
46559
51147
19569
46054
31396
51810
10876
28258
27717
40968
21597
33726
24105
16532
47433
45386
44977
43015
17199
45798
48133
28977
59522
53872
59291
58032
60405
17086
33345
7036
9048
52295
9440
11274
56744
56877
35807
42297
50994
2436
8185
28688
12668
47438
64002
24020
59291
1934
43156
43185
14156
31111
62299
48942
55128
17104
17591
61743
40258
13002
59924
33214
37579
23096
33805
58922
32757
45521
29440
38671
48160
63078
55813
23287
26800
40597
43730
49861
46580
18525
42964
9751
40852
32095
8340
38829
36192
58047
32147
26602
24507
14363
16056
5007
53414
18392
32776
14337
27562
42205
13915
61884
9192
50692
20170
5787
14491
29122
33462
4499
24994
9028
48339
55595
26498
63894
13500
64376
22741
10234
11191
2571
35529
51163
22889
41969
50963
20519
24578
56488
18480
65086
63308
2536
233
51629
13201
59594
48706
24696
21045
12882
55111
27994
41153
55506
46420
34601
24119
20645
44264
36817
16364
6139
35845
40257
36162
41191
23273
24216
30332
22290
65439
5873
27927
38213
30709
64715
17800
28447
59619
1081
56673
32372
53705
47694
56287
49911
50719
64666
35
49999
27894
36729
52680
49596
29576
9334
26836
4466
11035
32407
6917
38314
49996
30757
30926
44488
19455
39852
63948
23510
48842
23504
18935
12614
23111
17005
46015
31402
15070
27284
702
